100 Dev 10 10 10 10 10 10 10 10 10 10
103 Doug 84 84 86 88 90 67 89 78 89 90
104 Lebron 86 88 90 45 78 67 90 89 90 90
105 Chris 88 89 78 78 90 56 86 78 89 90
106 Gary 54 67 89 89 67 56 89 67 78 90
107 Miller 24 86 88 90 45 78 67 90 89 90 90
108 Harold 79 10 10 10 10 10 10 10 10 10
109 Von 90 67 89 89 67 56 89 67 78 90
110 Randall 78 86 88 90 45 78 67 90 89 90 90
111 Keenan 67 86 88 90 45 78 67 90 89 90 90
112 Bella 67 86 88 90 45 78 67 90 89 90 90
113 Carter 93 86 88 90 45 78 67 90 89 90 90
114 Olivia 100 67 89 89 67 56 89 67 78 90
116 Mason 95 10 10 10 10 10 10 10 10 10